Prison1X=219.419982
Prison1Y=109.595336
Prison1Z=999.015625
Prison1Int=10
Prison1World=589329
Prison2X=1782.242187
Prison2Y=-1569.112915
Prison2Z=-7.118492
Prison2Int=0
Prison2World=65041
LockerPosX=264.496612
LockerPosY=108.322769
LockerPosZ=1004.617187
LockerPosInt=10
HospitalSpawnX=1172.359985
HospitalSpawnY=-1323.313110
HospitalSpawnZ=15.402919
HospitalInt=0
ArrestPosX=1808.409301
ArrestPosY=-1572.648315
ArrestPosZ=13.467295
BankExtX=1459.793579
BankExtY=-1010.685241
BankExtZ=26.843750
BankIntX=2305.036376
BankIntY=-16.164836
BankIntZ=26.742187
BankIntID=0
DrugsStoreX=2345.292236
DrugsStoreY=-1185.395385
DrugsStoreZ=1027.976562
DrugsStoreInt=5
PayChequeTax=0
DropCarX=2693.545654
DropCarY=-2226.187744
DropCarZ=13.062870
FishX=354.6978
FishY=-2088.7920
FishZ=7.8359
OwnedCarSpawnX=559.089294
OwnedCarSpawnY=-1279.845825
OwnedCarSpawnZ=17.248237
HospitalSpawnX2=2034.196166
HospitalSpawnY2=-1402.591430
HospitalSpawnZ2=17.295030
HospitalInt2=0
Harvest1X=-1150.756225
Harvest1Y=-1134.400634
Harvest1Z=129.218750
Harvest2X=-1179.198852
Harvest2Y=-1095.040649
Harvest2Z=129.218750
Harvest3X=-1135.641113
Harvest3Y=-1095.626831
Harvest3Z=129.218750
Harvest4X=-1093.548461
Harvest4Y=-1085.019165
Harvest4Z=129.218750
Harvest5X=-1129.914062
Harvest5Y=-1084.377929
Harvest5Z=129.218750
Taxrate=10
LockerPos2X=327.226196
LockerPos2Y=307.024047
LockerPos2Z=999.148437
LockerPos2Int=5
