SpawnX=738.926757
SpawnY=-1417.646606
SpawnZ=13.523437
SpawnInt=0
SpawnWorld=0
DefaultSkin=0
NoobMoneySpawn=10000
