ÿGroupName=Hitman Agency
CommandTypes=1
Skin0=217
Skin1=181
RankName2=Hood Dealer
RankName3=Buster
RankName4=Soldier
RankName5=Underboss
RankName6=King of Seville
Skin0=217
Skin1=181
Skin2=100
Skin3=247
Skin4=248
Skin5=254
Skin6=33
HQInteriorID=6
HQInteriorX=246.694610
HQInteriorY=62.330734
HQInteriorZ=1003.640625
HQExteriorID=0
HQExteriorX=627.403137
HQExteriorY=-571.599060
HQExteriorZ=17.914501
SafeX=2261.561523
SafeY=-1223.729248
SafeZ=1049.023437
SafeInteriorID=10
SafeMoney=0
HQLock=0
Pot=0
Pot=0
Crack=0
DisbandMinute=47
DisbandHour=15
DisbandDay=2010
DisbandMonth=1
DisbandYear=30
GroupName=RCSD
RankName0=
RankName1=Hood Rat
SafeWorld=55036
MOTD=/setfrequency 8008135
