ExteriorX=477.036376
ExteriorY=-1498.097045
ExteriorZ=20.465049
ExteriorID=0
InteriorX=-2635.095458
InteriorY=1410.150756
InteriorZ=906.460937
InteriorID=3
Type=3
Vault=10028
Price=10000000
Owner=Nobody
LockStatus=0
Name=Zorath Domes
Supplies=99996
ProductPrice1=100
ProductPrice2=50
ProductPrice3=140
ProductPrice4=0
ProductPrice5=0
ProductPrice6=0
ProductPrice7=0
ProductPrice8=0
ProductPrice9=0
ProductPrice10=0
ProductPrice11=0
ProductPrice12=0
ProductPrice13=0
ProductPrice14=0
SupplyStatus=1
